================================================================================
GC CONTENT vs RECONSTRUCTION TIME CORRELATION ANALYSIS
================================================================================

STATISTICAL SUMMARY:
--------------------------------------------------------------------------------
Pearson Correlation Coefficient: -0.172565
P-value: 1.692532e-01
R-squared: 0.029779
Linear Regression: y = -0.005484x + 0.996487
Slope: -0.005484 (seconds per % GC content)

INTERPRETATION:
--------------------------------------------------------------------------------
The correlation is weak and negative.
The correlation is NOT statistically significant (p >= 0.05).

POSSIBLE EXPLANATIONS:
--------------------------------------------------------------------------------
GC content appears to have minimal impact on reconstruction time.
This suggests the greedy assembly algorithm's performance is largely
independent of sequence composition.

================================================================================
DETAILED RESULTS:
================================================================================

Target GC%   Actual GC%   Time (s)    
--------------------------------------------------------------------------------
20.0         20.00        0.934619    
20.0         20.00        1.007517    
20.0         20.00        1.786425    
20.0         20.00        1.836808    
20.0         20.00        0.331602    
25.0         25.00        1.930754    
25.0         25.00        0.293601    
25.0         25.00        0.130356    
25.0         25.00        1.852502    
25.0         25.00        0.421372    
30.0         30.00        0.990479    
30.0         30.00        0.046940    
30.0         30.00        1.378181    
30.0         30.00        1.923389    
30.0         30.00        0.770251    
35.0         35.00        0.310382    
35.0         35.00        0.354240    
35.0         35.00        0.576720    
35.0         35.00        0.653457    
35.0         35.00        0.081295    
40.0         40.00        1.869253    
40.0         40.00        0.351022    
40.0         40.00        1.001740    
40.0         40.00        1.420263    
40.0         40.00        0.364156    
45.0         45.00        0.073742    
45.0         45.00        0.465721    
45.0         45.00        0.011762    
45.0         45.00        0.839461    
45.0         45.00        0.384258    
50.0         50.00        0.831900    
50.0         50.00        0.317466    
50.0         50.00        0.062567    
50.0         50.00        1.447246    
50.0         50.00        0.143136    
55.0         55.00        0.244982    
55.0         55.00        1.476167    
55.0         55.00        0.124889    
55.0         55.00        0.810233    
55.0         55.00        0.035600    
60.0         60.00        0.320127    
60.0         60.00        0.034198    
60.0         60.00        1.022565    
60.0         60.00        1.038508    
60.0         60.00        1.751320    
65.0         65.00        0.181225    
65.0         65.00        0.154205    
65.0         65.00        1.122552    
65.0         65.00        0.353457    
65.0         65.00        0.514135    
70.0         70.00        0.715618    
70.0         70.00        0.497235    
70.0         70.00        0.288362    
70.0         70.00        0.766003    
70.0         70.00        0.088146    
75.0         75.00        0.781606    
75.0         75.00        0.114725    
75.0         75.00        1.058308    
75.0         75.00        1.103598    
75.0         75.00        1.925653    
80.0         80.00        0.158457    
80.0         80.00        0.046191    
80.0         80.00        1.760911    
80.0         80.00        0.550625    
80.0         80.00        0.714197    

================================================================================
